State 0:
0000000000
0000000011
0000000110
0000001100
0000001111
0000011000
0000011011
0000011110
0000110000
0000110011
0000110110
0000111100
0000111111
0001100000
0001100011
0001100110
0001101100
0001101111
0001111000
0001111011
0001111110
0011000000
0011000011
0011000110
0011001100
0011001111
0011011000
0011011011
0011011110
0011110000
0011110011
0011110110
0011111100
0110000000
0110000011
0110000110
0110001100
0110001111
0110011000
0110011011
0110011110
0110110000
0110110011
0110110110
0110111100
0110111111
0111100000
0111100011
0111100110
0111101100
0111101111
0111111000
0111111011
0111111110
1000000000
1000000011
1000000110
1000001100
1000001111
1000011000
1000011011
1000011110
1000110000
1000110011
1000110110
1000111100
1000111111
1001100000
1001100011
1001100110
1001101100
1001101111
1001111000
1001111011
1001111110
1011000000
1011000011
1011000110
1011001100
1011001111
1011011000
1011011011
1011011110
1011110000
1011110011
1011110110
1011111100
1011111111
1100000000
1100000011
1100000110
1100001100
1100001111
1100011000
1100011011
1100011110
1100110000
1100110011
1100110110
1100111100
1100111111
1101100000
1101100011
1101100110
1101101100
1101101111
1101111000
1101111011
1101111110
1110000000
1110000011
1110000110
1110001100
1110001111
1110011000
1110011011
1110011110
1110110000
1110110011
1110110110
1110111100
1110111111
1111000000
1111000011
1111000110
1111001100
1111001111
1111011000
1111011011
1111011110
1111100000
1111100011
1111100110
1111101100
1111101111
1111110000
1111110011
1111110110
1111111000
1111111011
1111111100
1111111110
1111111111
State 1:
0000000001
0000000111
0000001101
0000011001
0000011111
0000110001
0000110111
0000111101
0001100001
0001100111
0001101101
0001111001
0001111111
0011000001
0011000111
0011001101
0011011001
0011011111
0011110001
0011110111
0011111101
0110000001
0110000111
0110001101
0110011001
0110011111
0110110001
0110110111
0110111101
0111100001
0111100111
0111101101
0111111001
0111111111
1000000001
1000000111
1000001101
1000011001
1000011111
1000110001
1000110111
1000111101
1001100001
1001100111
1001101101
1001111001
1001111111
1011000001
1011000111
1011001101
1011011001
1011011111
1011110001
1011110111
1011111101
1100000001
1100000111
1100001101
1100011001
1100011111
1100110001
1100110111
1100111101
1101100001
1101100111
1101101101
1101111001
1101111111
1110000001
1110000111
1110001101
1110011001
1110011111
1110110001
1110110111
1110111101
1111000001
1111000111
1111001101
1111011001
1111011111
1111100001
1111100111
1111101101
1111110001
1111110111
1111111001
1111111101
State 2:
0011111111
